1.29087
0.189102
1.116e-06
0.102719
0.291473
0.0658349
0.145136
0.103613
1.23862
0.0184761
0.188513
0.0690415
0.141734
0.0402092
0.0689542
8.8852e-05
7.9438e-05
6.14e-07
0.188456
8.9257e-05
1.18955
9.0734e-05
0.144814
8.8611e-05
0.189868
9.0671e-05
0.00242506
0.590395
1.577e-06
1.23548
1.137e-06
0.14378
8.8881e-05
0.187673
9.0471e-05
0.236679
9.49e-07
0.0402549
8.7668e-05
0.14192
8.9462e-05
1.14511
9.3859e-05
0.144044
8.8992e-05
0.236227
1.082e-06
0.142399
0.188924
0.144841
9.2131e-05
1.43242
9.1045e-05
7.9091e-05
0.3837
1.166e-06
0.0396782
1.003e-06
0.0684298
1.18604
0.0373966
0.000119912
0.0176563
0.0646315
0.192779
0.141237
0.0680367
0.0165271
0.038608
0.0687498
0.18869
0.0689974
1.28634
0.0681936
0.101638
0.190619
1.47558
0.142163
0.0398197
0.0688868
0.0373928
0.101932
0.0397857
0.186012
0.0681278
0.0369377
0.0677342
1.18751
0.00235949
0.0401898
0.0699436
0.0693985
0.473705
1.33528
0.0397822
0.0364907
0.237039
0.0682189
0.00228499
0.143469
0.0654824
0.0390528
0.10133
0.18703
1.55189
0.385577
1.14067
0.0392335
0.186778
0.000176644
0.187667
0.000150658
0.104235
8.9378e-05
0.101582
1.005e-06
0.23607
9.0797e-05
1.18612
8.9169e-05
0.337324
0.102415
0.0396673
0.185948
0.0685224
0.0375873
0.00225076
8.1411e-05
0.0400666
0.0139416
0.014539
1.3378
0.0682719
0.06827
0.0680855
0.101531
0.143595
0.101677
8.8552e-05
0.10222
1.42936
0.335967
0.0374825
0.00219078
0.0368225
0.102758
1.28781
0.102686
0.0152589
0.0177542
0.00285111
0.0374392
0.037704
0.0402087
0.0658874
0.282966
0.185573
9.0939e-05
7.8971e-05
0.0150152
1.0356
0.180665
0.178172
0.224442
0.224522
0.0981944
0.0369542
0.00249851
8.1945e-05
1.03941
0.0654473
0.0368872
0.625215
0.138559
0.00240774
8.1284e-05
7.9283e-05
0.0993119
0.0149676
1.06551
0.0369629
0.100426
8.9992e-05
0.0149993
0.275002
0.0151464
1.58782
0.368516
0.366372
0.0365533
0.063791
0.0360062
0.00218574
0.0149261
1.0639
0.0366916
0.271349
0.318547
0.0974496
0.0365217
0.0643484
0.0642694
0.00224458
0.0641422
1.09778
0.0365732
0.0978858
0.0361852
8.2094e-05
0.0997666
0.178589
0.0976072
0.0147044
0.0130737
0.0020847
8.127e-05
0.0639608
0.0144749
0.0130648
0.178031
1.09783
0.0975105
0.135474
0.00233836
0.0149926
0.0975465
0.0146754
0.0130869
0.0640896
0.0643123
0.135351
1.36598
0.525467
0.13594
0.0146442
0.271395
1.36518
0.0977247
0.178414
0.224349
0.00234638
0.0642255
1.13578
0.135548
0.179603
0.0642748
0.346838
0.148388
1.14861
0.0219944
0.0970482
1.03288
0.225261
0.135625
0.097387
0.0363677
0.035374
0.0149861
0.0141584
0.0348419
0.036469
0.135469
1.01486
0.0362425
0.0354243
0.365862
0.0973865
1.166e-06
0.135705
1.31927
0.77085
1.78381
0.0364178
0.0636524
0.178474
0.036391
0.00228844
0.01474
0.0361196
1.1356
0.525555
0.0365267
0.0363661
0.09727
0.178755
0.0640439
1.36599
0.0640431
0.0148453
0.0363459
0.0633405
0.0363119
0.0353531
0.0143433
0.0971505
0.0364461
0.223792
1.06412
0.365896
0.0970564
0.00234778
0.00209078
0.318964
1.22414
0.0148058
0.0020856
0.450425
0.319344
0.064065
1.89089
0.0644995
0.0145084
1.58757
9.1195e-05
0.0974226
9.0262e-05
0.135333
0.0642753
0.135821
0.0364856
1.06374
0.410329
0.364889
0.0148591
0.036577
0.135222
1.27124
0.223757
0.0365299
0.00219152
0.318609
9.0807e-05
0.0976526
0.0145115
1.52605
0.0149767
0.0020882
0.0130456
0.450398
1.0977
0.61583
0.135562
0.178716
1.27084
0.451328
0.271168
1.36574
0.0639548
0.0640404
0.135429
0.0974849
0.00232132
0.0639192
0.0359213
0.135784
1.17853
0.410341
0.064219
0.0972807
0.0144714
0.013997
8.515e-05
1.31907
0.00247814
0.224352
0.0146143
0.0362348
0.0639364
0.0149814
0.0637974
0.178095
0.0639929
0.224381
0.00232722
0.00208089
8.1441e-05
0.0147219
8.665e-05
1.09734
0.31949
0.0641074
0.178742
0.271505
0.0147947
0.012998
0.096801
1.31926
0.0147364
0.178932
0.0150672
0.0359824
0.224589
1.55788
0.179816
9.0541e-05
0.0146516
0.00208885
0.00207968
0.0637377
0.178808
0.0641712
1.55771
0.064177
0.0149291
0.273122
0.178734
1.2239
0.00235834
0.0144538
0.0353413
0.366721
0.0641387
0.0360249
0.00212395
0.0638287
0.0362563
0.0640171
1.27146
9.59e-07
0.450756
0.224181
1.066e-06
0.135739
0.0640429
8.6115e-05
1.1359
0.17859
0.00231483
0.136631
0.0362135
1.61628
0.135657
0.0641359
0.135653
9.0648e-05
0.063959
0.319807
0.135933
1.22641
0.0148845
0.321918
0.0640851
0.0640732
0.0640022
0.0365452
1.27204
0.0977827
0.136473
0.0364204
0.0145964
0.0148606
0.451136
0.180051
0.00015271
0.0150951
0.0365613
1.01366
0.0365309
0.0640295
0.0369256
0.0357513
0.0148527
0.00212489
0.0148735
0.0355243
0.136871
0.00233421
0.224347
0.0639576
0.0976145
1.74257
1.58708
9.1797e-05
7.9574e-05
0.00237074
0.0146653
0.00209195
0.0637294
0.00229221
0.0977232
0.136874
0.135354
0.0366106
0.0357231
0.0147483
0.0640641
0.00223516
0.00210216
0.0149505
1.52549
0.271689
0.271673
1.68979
0.0147875
8.0813e-05
0.135974
0.00234233
0.00209196
0.224773
0.00237645
1.22459
0.0150008
8.1401e-05
7.8976e-05
0.137423
0.0368723
0.0147793
0.0347568
0.0144814
0.0138654
0.0363549
0.0638775
0.0360417
8.1788e-05
7.8705e-05
0.014534
0.0138723
0.0641239
0.00235889
0.0364964
0.135716
0.00233684
8.0417e-05
0.00208422
0.0365387
0.0136121
8.103e-05
0.0133941
8.8386e-05
0.0145621
8.1181e-05
0.0142367
0.00217163
0.0137481
0.0020823
0.034995
0.0365842
0.0142336
0.0129948
1.03556
0.0150301
0.0135223
0.0968996
0.135525
0.0985981
0.0145587
0.0130067
0.00208251
0.136104
0.0641994
0.0362204
0.0641621
0.225038
1.17885
0.0146541
0.135557
0.0977549
0.0642482
0.409557
1.1786
0.0023341
