17.6228
12.914
0.483118
8.71192
15.5724
6.18909
9.81154
8.87431
14.3925
2.72495
12.6141
5.07133
9.97874
4.503
5.57622
1.76111
1.66191
0.490011
11.4008
1.66621
12.543
0.776034
10.3698
0.664823
12.7404
1.96194
1.26607
35.319
0.470407
14.6311
0.470666
10.3923
0.65019
12.0377
1.7437
14.0695
1.46926
4.14173
0.651704
9.80534
1.65149
9.09719
1.83501
9.61012
1.64994
15.5268
0.468612
9.25992
12.2016
9.96919
0.747577
24.0063
1.64811
1.74449
22.9661
0.404818
4.74711
0.470029
6.33877
12.9096
3.7867
1.01144
3.25409
5.85821
12.9114
9.44356
5.03074
2.52958
4.80561
6.7251
11.9697
5.24626
18.4056
5.36729
7.29003
11.0435
27.7493
8.41728
4.12003
6.35001
4.36378
7.95127
5.35936
11.7517
6.48265
4.07838
5.16154
11.1612
2.63075
4.78774
5.09146
4.8086
27.8131
18.9195
4.40653
3.75254
13.7871
6.94711
2.59626
8.69155
5.08874
4.44201
8.9408
11.4813
34.6982
22.7566
9.12527
4.00905
12.6273
0.65106
12.818
1.65319
7.47666
1.65433
7.85308
0.471277
13.3179
1.64725
12.5208
0.6481
20.4878
7.00139
4.08909
12.0264
5.32301
4.03628
2.41822
0.836111
5.14644
2.62254
3.95151
19.8711
6.71992
5.59367
6.3074
6.47663
9.00751
7.0612
1.93198
8.67025
24.6809
18.844
4.04966
2.78098
4.58019
7.17943
16.6503
6.59836
3.79694
3.5215
1.59963
4.88007
4.66532
3.65876
6.70014
16.226
11.8591
1.89918
1.90524
3.07531
4.21361
10.1081
12.1591
14.9278
14.7778
8.50641
4.83651
1.71013
1.9826
4.09845
6.18555
3.61105
40.5247
9.06977
1.69678
1.99651
1.99811
8.15604
2.4478
6.49454
3.76886
7.97621
1.67818
2.51273
15.3208
3.94106
38.5362
23.8767
21.9457
4.27355
6.35797
4.18047
2.65256
2.22879
5.74666
4.57658
16.5985
19.0381
7.55351
4.33504
5.13884
6.77651
1.51534
6.48844
7.27977
4.03947
7.81268
4.30447
1.65009
7.12183
11.3911
7.32887
3.65254
3.65202
1.30137
1.9598
5.36
3.54922
3.02524
11.0064
7.0031
7.64745
8.33134
2.76703
3.81754
6.79235
3.80988
3.51657
5.0162
5.15648
9.86662
22.0822
33.743
8.92567
3.46865
15.4685
22.5538
7.01424
12.911
14.8463
1.41105
6.44376
9.28798
8.44915
11.7669
6.44968
16.1936
7.59881
8.22513
2.83788
5.97565
69.0968
14.0314
10.6566
7.07235
4.52669
3.5438
3.90068
3.34038
3.46645
4.57165
9.04798
2.5727
4.07912
4.32798
21.2656
7.14962
0.471281
10.2225
18.8132
63.5366
65.6176
3.45236
5.37851
12.4861
4.30982
2.4264
3.84724
4.24566
9.54076
32.7171
4.57609
4.91996
7.6539
12.3483
5.24735
22.3022
6.64942
3.99249
4.16585
6.69352
4.43909
4.83092
3.75785
6.83319
4.90107
12.3323
5.73189
20.8433
8.23146
1.73019
2.62963
19.6846
13.9554
2.69865
2.41217
28.0684
18.7153
6.30179
101.617
6.32154
2.69494
38.1698
0.850238
7.63025
1.70459
9.87674
5.07251
8.70704
4.54199
5.51762
24.6182
21.4547
3.7115
4.10558
10.4124
16.9658
13.226
4.20862
2.55002
18.6489
1.7632
7.91718
2.47679
34.4124
3.02341
2.70494
2.48616
28.9156
8.70869
42.4423
10.5339
11.7925
16.9484
28.6706
16.9797
21.1546
6.37481
5.31992
9.17139
8.45592
1.4988
6.6907
4.76162
8.7207
11.5004
24.1958
5.23198
8.41857
2.76475
3.22107
0.785575
18.9817
2.62162
13.3831
3.38845
4.83036
5.87717
3.33544
5.9824
11.0053
5.45154
14.2242
2.504
1.50995
2.05575
2.40179
1.89569
7.11007
19.039
6.78071
12.2394
16.011
2.42765
3.79587
8.30003
19.3508
3.75513
12.0062
2.60435
4.00876
14.0105
37.4542
11.791
1.69587
3.60262
2.88522
1.52345
6.04515
12.0137
6.2974
35.3765
5.26567
3.85172
16.3
12.6291
15.7144
2.86169
2.70376
5.36111
20.6925
6.41414
3.6889
2.41929
5.56232
4.83962
6.34814
16.654
1.47185
25.4022
14.9846
1.50061
9.35222
5.38103
1.76412
10.5548
12.9541
1.87801
10.606
4.68406
42.9304
9.99017
5.67864
9.87967
1.96026
6.99455
20.7231
9.90696
14.2408
3.93544
19.5949
4.76391
5.98194
6.68548
4.72743
16.4053
7.23841
9.09093
5.28387
3.0442
3.7298
27.4227
12.8044
1.00441
2.61739
5.10394
2.70629
4.49591
5.16084
4.99766
4.43236
3.91735
2.76932
3.67421
4.86348
8.39095
2.72795
14.5704
6.59979
8.95065
59.9943
38.4741
1.98477
1.72434
2.73744
2.46329
2.88992
6.53071
2.05737
7.96965
11.0392
10.0001
4.61125
5.56529
3.75786
5.82301
2.56174
1.49364
3.65385
35.379
18.8147
18.8026
51.5573
3.88657
0.684561
10.1079
2.87029
2.90117
15.19
2.35777
15.8752
3.02309
0.740477
1.74751
11.4818
4.4483
3.95319
3.52441
3.31014
3.83635
4.00167
5.60017
4.61105
1.96976
1.9749
2.42057
3.06554
6.37352
1.79507
4.55277
9.67524
2.92061
0.744858
2.49461
4.02604
3.89276
1.96289
3.04184
1.93528
3.01009
1.06
3.07828
1.46406
3.96105
2.62395
4.502
4.83304
3.00586
3.74082
4.36155
3.77673
3.901
8.84574
10.4981
8.62645
3.08807
2.42872
2.49946
10.1043
6.81312
4.4566
6.93779
15.6832
13.8817
3.86807
10.9487
7.06844
6.78421
24.5111
11.3404
2.70063
